0 464 447 -1 767 575 884 813 436 474 -1 -1 698 569 258 876 691 970 406 998 988 203 794 -1 380 549 620 594 533 487 380 359 256 595 483 463 423 425 507 291 583 425 757 783 576 910 153 518 237 488 834 710 707 512 916 600 498 818 663 640 885 516 838 889 894 210 573 477 467 786 755 858 260 462 401 608 780 627 422 875 127 812 889 590 309 250 -1 1000 905 942 -1 507 435 377 242 319 -1 245 920 858
464 0 892 1052 793 599 516 1032 825 626 -1 -1 610 850 346 646 868 1061 764 815 642 399 829 713 148 685 -1 -1 194 810 184 168 525 291 861 839 576 -1 908 543 286 655 1155 688 782 -1 551 -1 672 361 -1 581 734 951 1118 988 496 1216 1013 286 -1 838 706 1026 972 589 708 -1 640 816 708 699 251 -1 263 205 898 943 777 1101 -1 963 1091 667 182 342 951 1119 956 -1 -1 806 556 435 495 182 865 535 910 960
414 752 0 975 914 788 -1 1071 505 533 919 -1 1145 280 676 1120 840 1070 403 1528 1126 544 919 -1 755 676 935 938 856 287 715 654 -1 1101 120 -1 668 888 310 490 897 642 859 -1 721 1189 321 824 271 806 909 1117 970 397 823 382 793 847 624 1004 1062 748 1136 987 1095 372 859 554 733 991 985 -1 604 813 680 846 1143 640 325 1154 419 820 1098 854 756 669 929 892 1020 1201 847 434 672 635 567 767 242 422 1275 822
-1 885 898 0 142 549 827 294 434 375 137 957 520 718 -1 620 206 -1 590 787 720 736 114 358 1008 370 893 1061 935 617 941 930 613 -1 849 888 486 767 748 537 1193 453 195 699 219 -1 823 1037 865 681 280 866 567 585 346 645 579 243 414 859 239 304 580 230 262 751 262 374 -1 249 398 780 834 736 998 826 315 249 571 -1 793 -1 250 335 800 -1 315 202 171 740 983 623 467 512 587 883 733 559 573 -1
767 941 842 160 0 378 807 313 314 301 211 714 451 742 650 601 151 245 490 809 656 694 91 271 907 -1 793 970 761 583 766 830 574 779 731 -1 354 610 600 493 997 307 -1 681 135 409 679 856 789 591 -1 773 453 549 381 679 434 293 432 -1 316 218 612 332 220 563 151 265 266 190 280 714 885 635 993 873 291 215 617 324 781 182 293 233 775 -1 279 -1 248 794 804 541 409 496 592 849 631 485 639 151
528 507 935 466 444 0 377 482 440 -1 587 443 224 882 398 316 352 636 538 545 -1 486 457 -1 570 448 406 698 458 822 442 505 -1 453 853 867 194 359 849 350 -1 336 586 361 367 566 707 578 785 292 680 373 233 -1 726 876 -1 622 693 523 586 392 350 693 362 521 -1 423 307 325 251 -1 -1 280 663 492 363 450 706 562 650 535 544 246 458 350 373 604 560 390 497 754 239 281 -1 502 716 450 482 497
814 516 -1 757 744 443 0 618 764 749 907 -1 342 1152 538 217 686 811 930 380 183 617 856 484 725 841 401 690 394 1002 529 -1 859 321 -1 1294 523 377 1025 624 700 718 892 245 -1 -1 906 636 984 333 984 89 321 1110 980 1058 408 918 913 347 840 751 264 1112 651 862 620 -1 634 681 559 173 780 404 777 -1 570 919 985 888 800 875 776 626 651 545 568 971 915 127 589 954 613 584 682 647 -1 732 506 886
813 1032 1071 294 291 446 675 0 623 541 377 952 409 925 669 509 189 320 786 -1 550 862 331 237 1101 498 828 1159 750 951 946 940 670 867 1034 1016 -1 668 819 668 1185 537 412 559 358 157 941 -1 997 624 483 600 -1 685 608 -1 465 443 586 -1 303 397 486 432 110 892 304 566 413 200 229 723 1036 640 1113 844 -1 418 804 291 882 415 239 273 962 805 123 386 221 691 969 716 -1 602 715 891 848 733 391 264
513 696 550 402 367 479 764 575 0 138 436 666 644 443 -1 801 456 454 186 1086 862 424 320 512 765 136 822 919 758 386 640 -1 264 904 467 532 336 563 -1 310 953 171 372 713 318 693 483 812 474 633 488 866 705 -1 423 382 480 473 243 -1 -1 193 -1 427 513 323 301 100 192 424 519 915 637 639 -1 825 -1 -1 300 616 583 335 600 385 586 -1 483 464 -1 780 638 296 336 377 -1 595 436 258 892 -1
403 626 630 408 301 -1 812 541 138 0 495 640 614 477 389 -1 361 505 234 924 780 -1 373 490 -1 120 728 780 615 423 614 620 255 746 -1 547 256 485 482 226 962 86 -1 758 279 603 428 803 555 500 540 770 621 325 525 501 328 512 338 672 533 175 707 509 438 311 261 157 -1 350 496 903 578 -1 831 618 477 262 352 525 509 389 594 325 568 363 524 576 479 833 568 352 248 285 276 578 422 252 694 437
-1 -1 840 122 211 538 829 377 472 458 0 953 645 660 831 819 291 123 569 -1 938 866 196 470 983 420 1054 1339 857 -1 856 912 605 1118 790 826 606 771 695 644 -1 474 -1 -1 333 443 941 1012 981 752 245 878 644 548 244 584 663 -1 410 1019 207 336 650 172 355 672 294 353 370 328 410 930 -1 -1 1057 -1 350 276 590 203 995 142 238 391 944 708 334 120 -1 811 978 630 -1 573 699 -1 745 711 748 140
-1 -1 -1 882 847 522 -1 876 722 591 1035 0 616 771 270 611 787 1060 672 949 -1 302 890 649 201 655 271 359 166 -1 81 120 481 323 784 -1 483 200 890 408 334 608 1055 602 636 1039 440 -1 551 270 1164 523 679 851 1025 975 -1 1118 911 338 1130 681 610 1122 819 -1 745 689 608 799 704 -1 237 -1 295 219 827 710 688 -1 453 872 1099 648 -1 266 734 1120 1047 624 86 858 390 412 336 92 781 492 940 799
763 610 962 520 532 224 293 441 590 520 645 564 0 -1 501 170 390 621 -1 408 -1 578 579 280 753 572 549 953 566 938 571 633 675 573 -1 1053 402 414 -1 525 898 496 782 201 450 438 915 809 994 350 820 273 62 768 894 977 339 807 855 523 651 -1 135 830 414 -1 404 667 529 -1 268 365 743 392 788 527 382 -1 907 568 907 624 533 309 590 557 -1 766 528 292 673 794 396 511 546 591 1051 624 303 556
569 930 303 778 684 882 1252 1005 378 516 660 843 -1 0 612 1079 839 859 297 1351 1305 613 620 872 813 530 1083 1023 1003 110 810 760 392 1170 227 151 742 787 81 530 1149 -1 645 1026 709 953 423 -1 463 828 622 1113 1087 211 591 -1 825 710 389 974 791 595 1079 -1 941 391 715 455 611 782 804 1249 673 774 906 992 838 523 202 -1 541 628 917 745 730 666 883 833 908 1182 951 193 690 672 503 -1 130 448 1182 -1
258 346 572 -1 550 369 587 793 -1 420 766 233 501 725 0 581 620 795 440 -1 624 146 582 624 389 492 378 560 281 619 227 283 316 495 -1 681 304 228 589 221 549 361 -1 630 556 826 369 432 -1 284 800 594 557 639 825 650 292 836 637 483 938 -1 668 767 -1 340 507 448 415 -1 622 650 292 222 479 373 -1 578 505 918 371 737 919 449 214 61 -1 771 724 -1 304 550 259 203 171 239 562 328 796 750
738 700 1217 734 551 292 217 551 739 -1 819 560 170 1173 629 0 578 729 926 362 172 670 590 370 806 613 506 925 502 936 678 631 806 434 1018 1132 483 484 1139 -1 869 682 760 103 -1 480 816 664 968 398 930 205 170 852 933 1163 406 854 889 506 821 687 120 875 530 824 501 714 537 518 331 247 693 464 853 530 494 783 917 786 876 672 741 478 594 542 458 815 682 182 560 876 -1 534 651 593 1048 814 346 722
819 868 840 193 151 412 686 189 388 392 291 720 390 707 620 534 0 256 524 663 -1 673 161 200 998 319 -1 978 687 723 710 843 540 754 957 937 391 601 743 579 1004 360 322 556 182 321 868 1022 853 624 410 658 458 646 421 779 457 340 534 885 307 -1 491 360 144 677 182 341 326 103 242 710 -1 625 -1 720 -1 331 651 262 902 281 255 177 -1 630 166 335 245 666 807 631 463 483 635 794 841 -1 498 170
893 1153 1070 -1 263 587 963 298 494 547 123 975 569 859 863 668 275 0 633 -1 761 906 212 443 1199 404 1061 1257 1032 687 1044 937 650 1120 852 819 626 -1 701 684 -1 517 206 682 306 380 999 1131 1043 757 281 861 567 617 330 650 570 210 442 -1 134 410 622 243 270 856 338 440 474 -1 421 899 1098 895 -1 904 310 336 770 137 1048 215 196 360 971 873 350 146 108 935 1085 706 604 600 676 978 814 707 586 -1
374 829 371 500 490 587 1010 663 199 234 617 728 -1 276 440 926 524 580 0 1125 890 -1 453 709 682 -1 869 816 670 206 587 620 224 -1 359 346 422 715 228 350 928 275 562 974 480 915 415 870 399 636 635 814 708 172 550 285 581 589 242 794 650 315 926 527 662 -1 412 271 369 619 660 1112 551 641 854 799 650 347 137 770 -1 431 681 482 634 440 675 579 666 874 -1 171 414 437 330 591 238 214 960 546
1188 815 1405 935 809 644 410 -1 1086 845 -1 874 408 1351 -1 336 663 -1 1125 0 259 955 -1 520 -1 1005 701 1178 689 1183 893 952 -1 734 1520 1534 727 718 1205 1000 1000 822 1109 266 788 639 1077 1049 1146 691 1109 372 400 1300 1033 1216 717 938 1036 620 811 880 -1 1144 595 1110 712 968 -1 738 603 231 1031 704 1008 662 550 955 -1 854 1161 856 730 619 996 876 -1 890 896 280 -1 1225 850 750 857 914 1441 1123 326 778
988 642 1126 787 778 -1 196 550 862 780 864 -1 -1 1305 739 161 -1 761 890 242 0 705 759 479 873 -1 512 897 608 1046 701 759 785 494 1124 1360 614 -1 1271 -1 -1 751 863 146 -1 542 998 776 -1 482 1040 200 -1 964 1139 1297 -1 880 924 453 779 692 218 985 541 1018 722 765 709 542 506 122 767 471 992 534 596 771 948 820 892 849 838 562 786 691 -1 841 847 125 675 988 -1 703 696 661 1270 866 311 842
178 341 544 799 587 449 730 862 499 -1 866 281 684 613 146 613 673 834 -1 955 770 0 672 700 327 431 480 466 337 567 -1 261 271 523 567 664 -1 300 540 205 587 347 864 658 602 894 283 440 332 423 890 635 696 557 904 667 401 786 625 513 828 554 644 932 792 -1 -1 454 446 687 591 798 245 297 383 471 689 643 -1 967 -1 706 820 594 239 129 723 800 908 789 338 561 320 242 151 250 552 244 -1 792
732 829 774 114 99 420 789 331 374 346 184 820 535 734 635 644 172 227 493 -1 823 729 0 332 863 304 909 1195 803 630 804 867 551 896 -1 839 460 649 648 479 1229 328 254 670 175 456 697 891 874 747 313 693 491 499 313 612 517 252 412 886 265 205 556 265 -1 632 172 292 255 233 343 894 922 735 1029 775 340 203 572 276 804 148 326 244 812 590 266 261 227 710 916 490 410 454 528 750 745 -1 673 103
-1 780 -1 358 315 -1 527 206 554 453 435 769 280 798 576 341 215 377 709 567 518 700 307 0 847 433 601 904 594 820 765 841 566 638 872 868 374 605 842 537 1103 474 557 360 297 300 886 857 -1 468 611 461 241 704 -1 835 342 578 676 689 -1 346 325 556 -1 768 248 508 389 154 62 545 797 529 -1 673 168 440 669 447 902 457 412 166 722 587 151 494 395 461 785 798 434 -1 578 664 861 673 332 374
380 148 755 921 907 622 612 1014 830 -1 1170 189 689 813 333 806 840 1007 745 -1 873 382 945 919 0 765 376 192 292 922 206 -1 600 367 -1 790 578 -1 795 -1 239 726 993 720 892 1000 531 -1 552 459 1288 587 764 857 -1 875 510 1247 1010 394 1271 730 731 1050 1038 552 -1 726 727 870 842 736 190 378 -1 353 881 812 746 1150 450 -1 -1 782 -1 326 940 1255 1095 805 170 931 503 501 453 186 751 565 1002 1000
507 685 571 343 -1 382 841 498 122 120 358 655 525 490 455 670 346 404 -1 846 -1 470 283 433 830 0 663 1000 672 402 580 688 -1 864 537 618 290 632 459 290 1036 153 377 709 232 565 530 -1 525 591 509 675 626 322 386 457 391 477 294 852 516 110 657 403 401 399 206 99 141 371 404 848 -1 603 764 792 -1 163 -1 509 625 291 579 306 689 424 484 463 423 854 684 381 298 300 398 590 482 342 680 -1
620 -1 1016 893 861 477 372 828 693 672 1054 234 549 1083 378 468 -1 1061 800 760 554 444 765 656 376 663 0 401 122 1029 262 321 621 137 961 1006 471 193 887 481 -1 693 1010 507 653 -1 -1 314 805 199 1017 374 559 987 989 1035 409 966 1016 113 1120 -1 489 1161 -1 609 704 701 714 777 594 -1 458 -1 455 -1 840 -1 833 1005 615 906 1069 635 306 380 822 955 870 447 216 922 515 495 457 276 941 632 676 883
548 -1 938 1162 1154 698 754 1058 840 853 1124 308 802 934 560 779 1070 1147 893 1178 820 508 1100 904 192 1000 401 0 372 986 372 262 645 459 840 1072 792 443 918 715 87 897 1135 816 1060 1343 563 194 666 547 1224 732 964 1090 1289 1194 643 -1 1177 421 1438 954 836 1420 -1 752 1052 868 883 932 900 963 368 554 160 -1 1012 1135 812 1416 535 1148 1182 1012 337 468 1179 -1 1138 902 -1 1089 762 656 557 304 1034 714 1120 1255
533 181 783 935 825 424 463 890 758 615 937 189 566 1003 281 461 750 868 794 689 515 337 735 648 292 672 136 405 0 874 220 233 594 207 959 1010 463 153 975 -1 425 535 970 545 621 811 636 253 719 193 1073 399 533 770 1036 965 407 1109 876 184 1008 743 515 1118 768 540 725 711 662 754 588 612 376 175 402 119 702 785 696 983 536 941 968 -1 214 306 747 926 1009 460 164 926 425 399 460 239 940 560 701 -1
487 810 335 674 689 822 1098 876 358 423 -1 -1 938 110 619 1113 662 687 237 1183 1046 520 630 890 849 472 1029 986 949 0 -1 721 346 1116 224 194 682 741 76 477 932 411 560 -1 552 1080 -1 834 374 780 652 1058 -1 183 612 168 646 677 325 1016 826 458 1113 711 -1 320 659 404 552 792 756 1090 638 862 871 943 941 438 164 902 -1 636 949 634 690 617 904 670 862 1225 760 158 582 567 539 830 119 364 1030 677
380 161 655 867 701 442 577 871 587 520 936 87 571 879 227 678 776 961 641 969 760 -1 735 646 193 580 262 319 192 -1 0 119 449 328 749 734 435 243 720 380 376 538 952 615 623 955 408 -1 559 283 1142 589 687 753 1002 791 381 1010 -1 320 938 661 -1 926 743 507 673 609 638 -1 642 771 180 266 315 248 893 690 710 1007 355 854 1088 692 72 237 797 1014 952 590 110 -1 375 391 -1 74 747 460 875 859
387 148 654 850 901 550 -1 859 -1 568 912 127 691 902 305 689 915 1026 620 1034 824 283 867 775 -1 746 321 283 233 789 125 0 485 354 691 814 501 270 810 429 316 593 1010 735 681 1024 -1 175 470 369 1108 600 702 789 1148 971 -1 1163 784 348 1092 720 806 1072 881 451 799 718 703 727 771 701 163 290 208 326 892 742 625 1166 347 914 1161 706 100 -1 792 983 930 642 146 792 509 389 409 99 765 455 861 843
256 525 -1 613 531 -1 859 794 306 255 605 520 732 460 316 743 540 650 224 -1 858 234 551 566 508 -1 621 704 503 346 413 445 0 760 389 486 352 524 -1 160 801 231 692 723 495 773 242 661 290 -1 723 815 626 354 712 430 449 766 466 748 720 350 822 699 666 140 -1 331 362 615 621 899 414 432 602 566 644 474 280 712 -1 -1 866 537 478 270 613 733 666 830 471 359 272 241 -1 490 404 -1 823 -1
705 269 926 -1 779 453 348 867 904 809 1118 348 573 983 495 511 825 1120 -1 734 535 566 973 697 367 864 137 459 193 1116 383 415 701 0 1040 1086 493 250 960 553 430 652 980 -1 775 916 744 352 889 -1 1075 332 538 902 1050 1210 509 1021 1097 61 987 799 497 1228 824 745 830 767 666 -1 689 440 -1 -1 458 130 743 901 -1 962 -1 969 940 689 -1 -1 799 1198 -1 392 298 1087 549 490 578 340 933 -1 681 1021
411 787 120 922 867 780 -1 1034 551 -1 938 784 -1 243 -1 1212 881 1012 331 1520 1124 520 -1 872 -1 537 1044 919 959 259 813 819 389 950 0 129 720 765 220 489 870 520 731 1264 816 1052 332 -1 326 818 843 1026 1142 340 757 367 856 866 514 1030 921 706 1127 846 -1 352 821 515 645 879 877 1273 648 -1 866 -1 1018 650 258 1011 400 701 959 756 670 -1 1068 840 1054 1203 816 364 609 633 575 806 -1 415 1146 851
504 997 -1 818 -1 867 1087 928 452 547 755 -1 1144 151 738 1230 937 819 319 1534 1251 664 708 868 864 618 919 987 850 181 734 814 449 1180 129 0 672 877 170 513 932 567 -1 1281 676 1036 458 1011 403 1010 723 1251 1153 303 644 292 738 890 430 1076 887 688 1238 866 873 391 680 497 585 866 873 1182 650 792 867 999 1091 673 -1 891 501 793 930 -1 720 734 -1 801 1019 1334 944 316 739 712 519 866 138 405 1365 750
460 576 668 526 354 194 523 -1 336 297 560 483 402 742 283 483 422 530 422 666 520 -1 426 374 530 290 471 730 394 576 470 460 379 493 659 672 0 335 654 270 695 244 640 493 300 645 530 602 549 304 636 524 382 503 717 627 122 588 580 570 696 -1 457 595 401 403 314 358 239 345 347 563 464 305 614 518 455 379 563 674 537 -1 617 275 446 271 392 584 567 593 470 524 114 170 306 416 596 330 603 439
462 -1 748 767 666 333 443 668 666 529 915 200 414 935 246 484 656 -1 604 778 -1 350 649 559 -1 632 180 443 153 879 227 314 524 290 837 802 309 0 834 384 465 537 -1 -1 535 802 557 377 581 130 1064 345 462 767 944 817 262 1007 859 278 992 593 460 855 677 581 -1 -1 477 652 599 497 391 -1 498 -1 678 635 695 966 475 773 950 474 -1 270 657 998 907 511 205 714 361 290 334 267 808 455 642 822
465 908 310 748 655 782 1220 819 -1 446 754 890 -1 83 697 958 680 701 263 1320 1271 590 703 842 944 422 971 1005 898 76 787 741 -1 1051 237 194 654 834 0 461 1130 432 570 1092 675 1101 482 -1 453 878 604 989 886 186 620 158 792 746 310 1130 912 519 957 610 765 340 682 459 533 688 848 1112 778 -1 814 1050 963 454 201 846 526 652 -1 -1 710 587 926 681 741 1151 853 154 556 640 565 -1 114 388 1251 752
291 461 490 537 533 410 681 668 334 244 644 408 620 486 221 -1 491 627 325 842 -1 219 565 581 -1 338 481 604 -1 516 350 394 160 654 489 559 270 354 461 0 635 221 641 -1 411 -1 304 506 429 391 672 588 582 400 679 513 286 705 520 642 694 330 709 644 652 256 375 366 295 463 582 722 354 396 -1 566 580 403 334 681 320 597 691 458 379 224 550 721 633 720 475 -1 180 142 100 420 443 158 737 629
535 286 820 1297 1187 -1 830 1288 871 962 -1 362 821 1057 504 869 1099 -1 1008 1000 -1 497 1131 1103 256 1036 -1 81 460 1109 346 292 739 430 952 1021 695 549 950 635 0 859 1388 908 1007 1370 594 194 758 568 1374 681 909 948 1438 1034 730 1453 -1 506 1352 1071 933 -1 -1 728 -1 983 836 1139 1097 -1 406 492 204 464 1134 1170 -1 1331 522 1282 1208 878 398 -1 1208 1458 1165 914 342 1127 734 746 642 333 986 812 -1 1082
391 655 593 386 307 393 718 581 171 86 513 608 496 -1 333 682 391 475 275 899 751 406 328 438 614 136 639 756 535 411 583 593 249 773 614 614 262 456 432 206 933 0 508 672 259 597 498 652 554 512 -1 622 594 -1 514 532 350 533 -1 643 543 187 679 532 509 362 259 178 138 373 479 803 602 -1 -1 643 -1 288 320 630 498 -1 650 311 541 338 515 595 574 801 -1 -1 200 217 256 550 479 230 802 448
827 1155 785 210 -1 693 976 484 436 -1 -1 1055 782 699 -1 902 377 221 562 1021 863 728 220 515 1088 347 923 1244 886 662 870 1097 585 1073 867 -1 591 -1 674 641 1276 470 0 782 349 -1 765 1125 939 865 163 863 721 518 163 600 652 125 336 971 281 340 791 106 388 763 331 330 -1 370 569 922 975 846 1061 1019 474 234 589 319 -1 144 328 486 874 783 453 184 304 880 998 470 599 639 -1 1048 620 580 718 205
783 688 -1 758 576 389 229 559 780 758 -1 712 176 1221 578 99 556 746 974 309 130 780 670 391 787 709 465 816 500 -1 615 797 723 -1 1264 1178 453 -1 1187 -1 987 672 928 0 589 475 1023 767 1017 448 870 243 186 890 960 1208 458 800 847 543 768 727 116 -1 463 872 626 817 573 503 350 204 805 438 974 485 466 691 1045 673 -1 760 690 513 -1 640 471 761 636 184 710 1088 593 534 758 752 1189 730 313 630
681 849 856 236 135 341 -1 358 295 260 286 754 414 654 556 -1 170 357 444 788 -1 510 186 297 821 232 714 976 678 652 623 807 495 841 816 801 323 584 623 378 920 278 376 638 0 450 613 924 -1 567 490 655 -1 481 401 559 -1 394 429 700 400 153 530 373 269 500 60 266 171 178 285 738 792 553 830 785 -1 232 480 384 644 262 425 175 631 566 260 417 330 684 658 556 -1 402 502 696 595 457 587 245
996 -1 1189 -1 409 480 -1 157 752 713 479 957 403 1134 897 523 321 410 771 540 591 817 422 323 1190 617 -1 1127 887 1080 872 1024 773 994 1252 1233 645 871 1014 -1 1260 597 -1 517 486 0 -1 1198 1207 809 560 620 431 940 657 1068 592 570 -1 909 331 550 455 511 214 1016 411 696 518 353 280 -1 1138 773 1094 904 206 620 843 302 1073 534 266 434 888 765 210 463 291 694 1054 823 593 762 891 891 1137 774 310 423
144 506 296 823 742 597 828 860 483 504 867 479 842 423 398 816 800 999 354 1282 998 304 827 886 491 530 -1 614 587 -1 444 -1 242 807 361 424 486 510 446 330 594 498 837 861 669 -1 0 512 134 625 992 942 780 440 840 592 625 906 596 734 1083 640 841 896 875 194 724 -1 593 710 888 940 337 -1 456 655 909 642 322 1074 122 -1 1010 641 460 361 950 1019 1019 958 509 506 433 456 319 471 388 282 1083 821
518 -1 754 1127 936 684 583 -1 812 803 1012 -1 746 -1 400 725 860 1131 802 966 710 408 891 784 -1 -1 290 194 253 990 -1 175 610 380 -1 851 552 323 -1 506 223 772 1125 767 924 1198 512 0 569 448 1225 560 757 993 1073 1107 -1 1183 896 376 1299 835 852 -1 887 614 843 766 -1 814 925 -1 250 -1 -1 -1 1060 1008 -1 1071 446 938 1266 734 237 395 1035 1083 1119 772 184 996 531 -1 503 212 810 569 1076 -1
206 620 234 791 857 724 1069 911 559 471 903 597 994 394 -1 1052 780 877 367 1255 -1 361 874 -1 507 620 742 666 719 406 474 470 338 749 326 373 649 634 453 429 699 554 865 1017 -1 1014 127 569 0 -1 1015 864 925 479 931 482 650 934 608 879 -1 583 1080 -1 851 226 782 570 -1 904 958 1106 370 -1 545 792 968 677 374 1031 198 802 1148 -1 -1 439 1014 1055 898 1125 581 462 495 533 398 507 355 290 1253 789
576 361 806 681 591 270 333 682 580 545 822 314 410 983 331 398 572 827 754 584 446 392 689 510 459 641 186 502 206 853 330 369 -1 -1 818 850 330 130 878 391 616 512 790 415 520 682 573 382 -1 0 969 297 391 866 860 850 243 911 740 248 957 591 390 922 580 642 510 687 563 567 503 425 407 126 579 213 681 751 738 928 640 -1 907 446 330 338 661 974 870 363 292 885 374 314 414 353 784 497 679 734
990 -1 831 303 -1 806 984 483 527 495 245 979 820 622 800 1010 446 281 537 1013 950 814 339 662 1082 471 1017 1224 1073 652 1142 1204 723 1177 843 791 753 979 715 735 1495 -1 163 870 453 560 835 1118 935 885 0 1138 820 570 130 530 -1 133 384 1065 338 476 887 111 467 -1 -1 410 514 501 674 1106 1069 -1 1256 1220 513 347 703 314 1058 277 404 507 1146 957 586 186 -1 1154 1004 510 641 739 856 972 660 656 793 314
710 492 1117 730 652 403 86 655 866 770 803 480 318 1016 548 219 658 861 891 436 230 582 758 543 695 738 320 732 431 967 589 550 688 358 1221 1251 485 374 989 588 808 736 863 227 655 734 794 663 1027 297 1047 0 301 898 1130 1120 437 891 1045 -1 -1 655 275 994 628 823 590 783 711 600 451 232 627 367 -1 398 550 881 1027 865 766 916 756 500 616 -1 597 1025 748 151 472 -1 570 544 696 518 1165 825 468 720
707 734 970 567 453 251 296 -1 705 526 698 679 61 1087 557 170 458 671 774 432 -1 696 491 260 764 626 474 964 489 -1 634 643 684 582 1142 1061 412 462 1053 630 831 594 660 186 -1 431 780 821 925 422 750 301 0 846 754 983 350 680 860 532 594 537 122 700 350 705 478 673 454 369 267 337 754 437 798 537 350 -1 771 617 919 678 529 312 710 614 322 764 572 315 -1 800 440 482 656 711 1059 -1 314 556
512 801 431 585 549 -1 933 812 -1 300 502 717 912 227 639 1013 547 669 172 1300 1055 603 458 644 783 322 987 917 842 195 817 721 326 987 369 353 593 767 213 400 1128 -1 440 1058 481 940 518 914 440 730 570 898 846 0 407 200 628 592 194 -1 692 378 846 -1 633 336 448 283 402 558 771 1204 771 810 973 986 805 -1 170 638 599 453 678 578 810 639 708 600 605 1134 816 84 551 549 432 -1 266 343 1102 544
916 1021 823 296 351 788 1166 515 389 486 282 1114 823 542 825 1013 495 304 508 1132 1139 833 365 -1 -1 386 1083 1401 946 565 1089 1056 601 1050 693 644 606 1026 525 622 1322 471 173 877 471 712 912 1176 784 1022 146 950 825 443 0 530 668 193 324 1040 350 401 -1 163 534 710 411 -1 474 507 632 1112 -1 837 1199 1184 636 278 520 432 981 231 462 590 1091 902 -1 263 424 1064 1145 471 -1 694 670 1014 634 703 974 357
550 902 382 591 626 738 1260 -1 412 425 637 975 1061 -1 710 977 658 710 306 1449 1297 611 561 835 875 457 945 1098 965 168 865 894 506 1017 367 272 743 817 168 513 1231 492 508 1208 610 899 592 1019 482 850 530 1217 898 175 490 0 765 564 302 1103 714 550 1155 641 813 492 617 449 582 -1 915 1245 876 951 900 -1 -1 461 -1 790 573 -1 -1 712 930 650 762 -1 696 1181 931 164 590 693 -1 -1 212 420 1146 -1
458 496 726 579 434 -1 444 549 444 384 663 -1 315 696 314 377 423 622 581 661 -1 401 517 342 556 360 409 702 348 766 447 -1 449 509 856 807 137 305 792 286 668 300 707 458 -1 592 625 -1 704 262 -1 437 300 628 792 700 0 699 563 498 737 352 395 770 449 539 345 401 338 369 -1 538 465 -1 656 386 495 444 546 601 525 503 698 262 429 326 398 687 652 -1 472 596 -1 223 355 399 664 457 513 525
972 1022 1007 227 317 736 1091 478 434 512 -1 940 807 710 836 854 398 210 589 1116 963 933 252 490 1247 406 966 -1 1021 734 1010 1163 766 1216 940 820 588 847 688 645 1453 533 119 875 394 484 983 1080 854 832 141 1060 743 546 193 564 758 0 434 1012 254 368 878 78 393 773 372 391 432 460 500 1029 1039 974 -1 -1 438 -1 -1 260 878 192 -1 445 1104 916 460 120 261 1071 -1 627 710 756 824 1113 744 -1 784 238
663 933 576 447 400 639 999 639 227 290 377 767 855 332 691 813 453 482 280 1134 1099 677 382 572 850 294 855 1083 951 300 -1 930 396 1097 471 430 491 859 336 520 -1 -1 362 926 366 -1 546 981 659 740 353 962 792 181 278 281 666 370 0 912 508 305 946 352 637 431 374 245 356 517 633 976 795 768 983 1019 -1 219 339 515 720 321 -1 550 740 587 610 494 573 1097 870 242 470 527 571 820 360 456 933 385
587 286 1004 859 -1 444 347 -1 -1 797 1107 290 523 974 483 506 746 -1 794 620 533 555 810 631 425 852 113 421 184 1016 374 378 748 60 1119 983 527 240 1040 543 430 702 1155 461 765 909 734 349 810 230 1065 -1 488 -1 1040 1103 498 1108 999 0 1164 856 581 1217 816 735 818 757 777 757 623 518 485 302 454 136 873 814 979 -1 739 1041 1020 680 369 414 858 998 1078 459 313 990 494 566 520 333 1098 642 677 930
1052 -1 1154 239 316 693 919 303 -1 582 194 950 706 939 790 692 331 127 770 963 852 906 265 -1 1170 474 942 1323 1095 826 1116 998 854 1174 1095 1054 696 835 840 758 1471 543 302 703 369 331 1083 1299 -1 806 290 -1 594 634 410 781 737 237 508 1164 0 494 642 -1 293 -1 439 475 470 -1 -1 840 1081 883 1148 -1 324 381 787 86 951 292 143 -1 1127 798 349 177 136 811 970 665 729 662 743 954 -1 784 690 243
516 707 632 261 204 392 815 432 206 186 310 739 -1 595 -1 581 -1 380 315 880 692 512 205 376 730 116 -1 954 743 458 606 720 410 867 651 582 -1 543 519 358 901 200 314 671 144 550 542 906 690 640 405 655 581 348 369 467 413 400 329 856 494 0 615 370 399 499 150 153 123 260 384 745 690 518 800 801 385 160 -1 447 634 262 508 254 -1 -1 384 -1 365 821 649 410 310 -1 380 732 547 407 -1 -1
910 706 1136 580 612 325 264 486 -1 707 710 610 128 1173 565 114 491 622 926 -1 190 644 657 300 868 602 489 915 608 936 -1 680 822 586 1225 1139 494 501 1139 709 933 627 723 110 530 418 841 852 1080 458 811 275 136 846 -1 1155 426 740 796 537 701 615 0 831 472 915 519 760 574 474 338 290 873 440 831 600 367 -1 921 612 988 697 624 415 640 -1 404 -1 628 -1 667 1036 472 599 618 640 962 830 -1 570
889 1026 830 248 332 635 1024 509 427 509 172 1122 700 -1 838 800 360 211 575 1144 900 785 287 602 1250 439 1068 1306 940 601 1013 1072 640 1228 919 866 650 855 722 644 -1 576 106 -1 405 603 973 -1 -1 922 111 994 765 -1 173 542 770 78 382 1217 -1 370 831 0 416 698 382 453 513 482 567 960 1127 906 1224 984 544 290 696 269 -1 212 326 460 930 918 446 142 -1 1007 968 558 -1 701 758 1116 662 693 811 278
823 818 1095 281 220 393 706 116 471 515 304 889 353 941 -1 490 144 292 607 650 590 792 -1 -1 1038 401 -1 -1 702 -1 812 957 610 895 -1 955 401 677 837 652 -1 433 388 504 249 231 800 971 851 580 467 628 380 633 534 744 449 428 637 816 342 341 402 490 0 691 266 425 414 149 175 602 968 646 962 796 105 -1 742 308 977 373 273 247 756 622 80 380 259 621 908 664 -1 582 595 832 867 667 381 252
184 638 319 634 666 616 788 892 377 364 672 -1 -1 391 340 754 734 856 -1 1014 1018 -1 685 768 598 431 665 752 589 320 431 491 148 682 352 422 474 492 369 222 666 310 763 798 545 935 194 666 242 642 -1 893 770 365 650 455 498 773 508 735 -1 499 915 698 756 0 500 401 424 602 711 891 370 -1 631 658 -1 -1 244 859 226 634 806 636 420 -1 823 -1 740 -1 -1 332 -1 340 246 468 353 146 1075 690
626 840 859 244 143 -1 677 330 301 242 342 687 404 660 549 591 170 312 448 778 666 -1 184 288 -1 206 763 1052 613 557 729 737 -1 830 692 743 270 -1 629 440 -1 259 331 578 60 447 668 915 660 557 -1 698 443 488 483 566 371 372 374 690 439 160 519 448 266 500 0 254 -1 172 297 727 725 544 979 774 287 243 528 -1 760 236 429 163 739 559 297 364 361 617 711 563 292 367 460 689 710 494 627 253
519 -1 605 374 287 498 -1 480 105 139 414 689 564 455 527 654 399 440 271 884 909 454 270 432 726 99 766 1032 711 372 665 657 331 910 515 587 330 -1 391 340 1068 190 358 817 230 696 -1 838 570 634 410 850 673 262 -1 416 436 425 245 757 518 136 641 419 425 369 273 0 167 376 477 -1 673 548 861 705 470 148 358 556 537 304 500 319 -1 533 517 417 468 832 780 340 313 391 362 733 417 300 781 374
509 699 619 -1 230 332 693 449 192 -1 402 659 489 564 448 586 280 474 369 -1 769 482 276 333 665 126 714 807 560 552 589 703 310 727 645 638 222 519 489 273 915 130 -1 573 160 518 502 -1 -1 563 514 656 454 370 474 494 290 471 384 656 554 117 574 513 384 458 -1 178 0 287 338 765 676 491 806 609 460 223 386 540 535 290 472 216 545 389 360 479 446 704 635 431 254 297 322 653 504 310 668 361
786 885 912 231 178 350 681 215 458 350 303 736 -1 848 -1 479 109 -1 619 681 542 634 202 164 796 318 777 1020 754 731 -1 727 568 -1 879 866 318 652 751 545 958 344 434 544 166 303 842 890 761 567 542 600 398 608 465 -1 369 392 517 693 -1 282 403 482 149 657 161 376 309 0 164 656 731 618 965 792 189 306 596 338 801 285 300 146 -1 538 144 394 285 -1 692 642 418 478 598 -1 844 616 465 238
819 708 1071 340 327 271 516 245 519 422 482 704 268 879 622 331 210 421 715 510 506 591 343 61 842 440 594 985 695 756 642 836 621 631 1043 956 374 599 921 538 923 407 526 350 264 327 888 925 807 462 674 531 267 711 685 843 -1 590 580 623 -1 354 290 520 200 771 276 438 396 175 0 534 726 523 944 721 164 449 736 424 761 434 -1 184 718 585 170 505 377 492 719 743 370 420 627 722 867 624 353 -1
938 758 -1 926 781 -1 173 666 837 832 1010 -1 313 1358 650 231 650 899 1023 231 110 730 894 590 805 921 -1 887 518 1298 771 701 899 479 1273 1408 665 586 1218 789 -1 734 1009 204 801 -1 940 -1 1106 463 1010 232 337 1107 1016 1245 494 1029 1162 479 840 815 270 1051 712 975 666 -1 830 656 578 0 780 576 991 529 669 826 1084 811 915 835 839 676 673 779 624 986 775 120 622 1133 663 631 728 670 1213 985 364 842
260 291 655 991 816 -1 780 954 690 626 -1 237 743 798 272 821 -1 923 651 1031 911 229 849 729 218 -1 458 315 376 697 206 173 414 -1 648 650 505 334 656 414 377 556 891 736 792 1138 311 291 370 478 1069 685 690 771 -1 807 549 1039 795 485 1175 690 804 1038 815 434 725 616 572 799 726 853 0 378 256 408 987 707 547 1157 -1 961 975 651 158 243 805 1144 1097 718 244 650 500 441 -1 175 667 458 910 985
424 -1 744 799 689 326 436 758 639 -1 -1 -1 392 919 239 464 678 895 587 644 513 322 735 572 378 603 -1 470 175 727 230 290 432 -1 -1 792 305 -1 -1 338 537 -1 774 477 553 838 -1 -1 -1 120 -1 396 472 810 995 951 -1 897 768 260 883 518 479 828 646 -1 499 598 451 523 523 576 378 0 525 239 648 721 680 859 520 680 772 525 250 263 626 889 873 463 266 762 -1 270 323 250 795 520 734 727
436 244 680 998 908 786 710 1209 -1 701 1057 295 935 828 408 780 -1 -1 787 1104 992 449 1029 -1 -1 764 455 182 434 797 315 239 602 540 730 867 670 423 966 -1 190 -1 1162 974 908 1198 537 -1 500 535 1147 -1 947 819 1303 1070 656 -1 983 495 1368 950 831 1117 962 534 979 935 737 1048 944 912 222 485 0 434 1065 877 711 1239 383 976 1238 801 297 435 1039 1343 1288 851 314 970 635 633 560 252 763 612 1208 992
515 236 846 982 804 492 -1 772 760 675 -1 253 570 992 344 450 787 989 731 662 534 436 920 616 302 730 -1 -1 113 943 268 303 566 146 -1 1085 518 -1 966 480 429 643 1107 572 785 904 710 -1 669 213 1025 340 492 986 1184 -1 419 -1 1019 136 -1 676 600 984 796 603 714 836 609 668 721 529 408 239 399 0 723 911 829 1107 652 837 913 648 291 375 707 1057 965 507 215 -1 482 460 454 283 935 681 824 818
853 976 1052 291 269 395 570 -1 -1 562 410 756 355 996 -1 494 -1 362 770 650 505 753 340 168 965 -1 708 1205 767 793 893 968 644 882 1018 917 455 678 963 633 1036 -1 513 466 -1 206 909 892 1051 628 605 550 323 679 636 -1 495 438 -1 736 324 385 399 462 100 -1 311 554 460 189 164 669 987 593 973 790 0 492 789 319 850 400 276 240 838 639 84 391 281 635 -1 842 505 515 621 915 837 704 332 305
627 943 640 231 230 450 774 418 -1 226 297 776 -1 566 578 783 307 310 347 872 843 544 189 440 964 163 -1 954 785 516 818 811 474 823 595 621 412 693 495 403 1077 268 234 756 217 525 588 928 677 634 374 811 -1 -1 324 461 484 -1 236 966 414 160 -1 314 -1 -1 227 148 223 357 413 981 773 609 960 911 418 0 424 446 753 -1 413 357 -1 584 389 373 341 775 736 380 409 408 533 -1 491 398 747 232
360 711 300 571 522 596 1071 736 300 302 590 630 835 232 505 996 597 770 122 -1 1037 -1 620 731 683 -1 761 964 760 154 655 625 261 -1 258 -1 478 754 189 363 -1 347 589 879 566 1002 322 -1 320 801 703 946 843 182 614 -1 645 -1 291 902 787 -1 1000 696 679 227 484 358 419 705 736 1178 547 737 777 758 722 390 0 787 425 -1 823 652 645 545 690 645 681 929 782 158 432 416 414 -1 170 268 946 624
957 1005 1154 -1 301 664 888 271 568 572 217 -1 672 -1 918 664 262 137 770 781 820 967 297 381 1250 509 918 1416 1068 760 1094 1166 778 962 1098 1060 622 890 918 681 1331 533 319 736 384 353 903 1173 1031 928 340 790 565 697 432 790 711 260 562 -1 86 483 725 269 286 859 -1 514 458 364 390 811 1157 859 1347 1107 319 380 720 0 1031 -1 108 457 1018 928 -1 190 110 782 1130 731 709 766 798 1113 969 709 553 202
134 -1 358 867 714 595 950 882 494 467 837 453 764 496 318 801 760 882 -1 1262 892 -1 804 760 417 625 666 580 492 -1 385 377 -1 -1 435 460 492 560 569 374 522 498 -1 -1 763 980 137 485 198 591 974 909 846 553 981 573 525 878 720 739 1131 634 988 -1 977 226 760 586 583 733 903 1088 -1 478 450 552 850 635 459 1031 0 887 1047 721 336 361 821 904 894 931 412 589 519 426 280 345 430 334 988 790
748 880 820 -1 194 535 875 415 361 333 151 947 676 628 623 734 281 230 507 937 776 765 140 457 -1 313 828 1048 793 587 927 914 -1 885 832 793 -1 707 652 506 1282 -1 154 760 262 453 -1 1116 802 -1 258 843 678 416 231 -1 593 206 296 876 292 244 756 197 373 634 255 261 314 308 399 992 885 743 1162 915 369 -1 -1 -1 887 0 312 320 933 688 345 206 258 -1 822 -1 498 541 657 942 648 603 709 142
889 1185 1194 268 317 643 848 223 650 643 276 1099 581 996 774 625 297 172 681 730 838 897 280 382 -1 535 1069 1295 1051 799 1001 976 866 940 959 1106 669 875 -1 691 1439 550 383 632 363 266 1097 1064 1148 907 372 756 577 803 424 -1 590 -1 -1 1020 143 432 624 354 254 806 366 545 472 300 -1 839 1068 844 1130 913 256 413 753 108 957 338 0 413 1014 856 282 236 137 811 1031 709 655 649 877 1020 854 864 546 -1
644 728 854 311 233 246 626 295 354 300 422 594 335 745 449 406 177 360 482 733 515 503 263 189 715 306 689 1012 -1 692 585 766 456 631 827 -1 237 474 -1 424 960 311 413 436 164 402 759 802 -1 446 598 546 364 578 545 652 283 485 508 737 -1 273 415 501 247 636 163 372 216 146 172 571 771 446 952 594 240 306 552 457 721 347 380 0 651 540 210 463 369 618 612 661 278 384 508 657 -1 457 486 278
335 182 756 950 775 458 601 962 640 521 1025 -1 644 798 246 703 -1 887 687 917 664 257 882 722 -1 582 306 364 230 754 72 105 442 -1 733 854 482 -1 842 409 369 496 1039 -1 631 888 460 237 -1 330 1055 521 655 683 1005 783 395 1104 809 398 1127 -1 640 930 897 420 624 -1 644 -1 718 736 168 290 297 269 838 -1 699 930 336 933 1101 651 0 208 743 1022 963 613 133 751 383 398 306 61 734 490 897 794
290 368 566 -1 -1 350 595 742 -1 426 840 230 510 666 62 542 630 736 479 876 691 122 590 636 354 499 410 552 283 617 222 -1 315 -1 -1 677 271 233 641 224 -1 396 783 640 523 765 361 426 474 314 957 -1 567 541 902 770 303 771 695 486 798 -1 -1 773 679 -1 559 533 457 538 536 718 281 245 400 346 698 536 545 782 309 630 856 540 239 0 669 779 -1 702 -1 650 233 213 160 249 661 327 876 701
-1 951 1105 315 279 402 568 130 570 445 362 734 -1 959 -1 495 177 300 618 -1 -1 661 287 160 859 448 693 1085 810 904 729 866 613 731 898 -1 392 657 926 650 1112 515 490 471 302 242 950 1035 1014 661 541 647 322 768 -1 762 433 423 559 790 322 354 404 525 83 823 276 478 422 154 150 676 957 679 949 773 84 457 754 -1 975 404 282 226 812 725 0 413 274 589 749 805 513 574 646 747 881 670 354 261
920 1021 892 202 -1 715 1054 386 464 489 134 941 646 833 916 745 309 138 632 974 999 800 261 454 1255 463 1136 -1 1014 794 1102 1170 796 1198 998 801 584 840 681 721 1458 550 172 761 417 463 857 1083 888 974 213 862 764 550 282 -1 629 126 420 998 177 -1 -1 151 380 -1 426 454 518 363 547 901 962 812 1235 965 391 319 764 178 904 222 273 425 933 852 380 0 199 947 964 580 656 644 710 1030 -1 667 666 227
983 1046 932 182 266 514 843 255 -1 479 -1 1047 528 837 858 624 245 119 666 896 714 837 211 337 1000 498 1034 1247 929 862 952 1018 789 -1 887 938 567 764 810 691 1276 486 262 754 304 316 938 1216 1068 802 -1 748 620 660 393 760 652 261 530 907 129 428 628 -1 242 878 309 506 482 306 406 775 923 736 1288 1048 260 399 745 105 979 258 137 398 1046 -1 253 199 0 883 -1 636 549 651 744 969 927 786 578 171
794 -1 1305 740 732 424 120 637 926 768 887 624 292 1182 -1 182 610 862 957 327 125 666 710 503 742 787 483 902 542 1029 644 701 830 460 1098 1227 548 511 1051 781 770 738 880 161 742 694 876 652 1125 394 1154 151 270 953 971 1078 -1 901 1097 425 963 757 -1 920 673 -1 730 832 763 -1 532 126 785 501 851 469 635 920 1105 928 931 -1 811 571 669 594 638 1029 883 0 667 1161 596 620 788 665 -1 838 432 -1
-1 -1 781 906 736 497 589 893 638 672 1062 83 569 951 283 611 807 912 -1 -1 732 338 844 662 170 627 233 -1 164 902 116 130 556 298 816 944 431 205 926 475 369 -1 1085 600 780 886 551 184 581 270 1004 514 -1 747 1145 1011 472 -1 945 291 1154 649 667 1152 837 -1 651 780 689 820 719 737 226 266 292 200 -1 804 721 950 484 822 942 612 126 -1 889 1147 -1 667 0 894 414 410 365 123 814 525 944 898
549 806 434 575 541 695 1135 716 275 379 533 723 794 180 600 959 578 597 171 1225 988 608 578 673 931 325 1001 1089 853 149 -1 859 359 1087 311 316 524 714 175 -1 948 -1 470 915 514 823 506 917 462 885 557 -1 950 84 509 154 650 579 226 990 726 410 1036 512 664 360 520 292 397 642 680 1231 770 827 893 -1 776 350 158 731 499 -1 841 661 751 600 679 686 636 1161 823 0 573 524 440 762 -1 321 1137 -1
403 514 729 551 376 256 613 -1 336 230 -1 390 466 636 224 -1 463 554 381 783 -1 275 446 370 594 298 515 703 425 582 407 432 272 549 720 624 114 335 556 193 734 215 549 593 -1 593 471 579 540 374 760 483 440 467 -1 698 -1 655 554 494 616 310 514 -1 -1 -1 340 313 254 387 434 719 425 -1 635 442 505 442 509 709 519 539 710 323 383 251 436 712 649 596 450 486 0 111 -1 423 550 300 -1 -1
377 474 689 558 459 281 535 652 322 266 678 412 511 568 203 534 443 710 405 890 648 242 495 -1 542 350 421 656 399 520 391 423 241 534 686 657 160 338 591 160 688 251 693 582 373 703 422 -1 493 367 739 544 482 507 753 639 223 756 527 523 662 -1 507 642 538 366 396 391 256 407 457 689 441 314 536 423 561 480 416 706 392 496 649 384 398 213 487 644 597 672 410 481 106 0 186 347 530 268 770 597
210 495 524 587 547 -1 624 655 -1 298 758 336 546 594 182 596 586 739 358 937 761 151 528 578 490 369 539 608 426 457 -1 409 -1 530 488 566 285 391 565 105 696 276 -1 758 426 821 297 462 369 381 722 696 555 470 670 -1 355 824 571 614 881 413 618 758 705 230 460 393 350 598 627 728 -1 350 517 454 678 533 384 866 303 657 808 470 306 160 592 776 681 788 397 479 -1 186 0 315 535 -1 764 635
319 182 767 883 716 461 547 891 595 530 -1 96 591 -1 222 593 862 978 645 835 783 250 890 787 175 590 322 304 239 765 70 94 453 398 680 730 489 267 -1 389 389 595 882 635 755 975 436 197 507 328 1156 565 601 -1 1014 -1 469 936 820 389 1044 618 758 938 761 506 689 733 653 -1 660 794 186 290 272 304 915 -1 -1 1113 404 794 932 657 62 249 817 940 969 665 130 697 457 406 342 0 681 501 974 800
-1 865 242 796 690 716 -1 928 436 496 745 847 967 123 664 957 775 814 238 1209 1066 507 687 787 751 522 860 870 792 125 683 830 345 933 -1 146 651 877 114 443 986 440 734 1094 595 1046 388 962 382 930 721 979 975 230 687 212 664 681 422 1010 -1 501 1053 662 793 303 600 491 504 844 793 1319 723 727 835 935 994 491 170 969 468 703 934 -1 796 661 881 -1 781 -1 814 -1 550 626 535 745 0 393 1167 673
228 535 388 661 572 530 868 671 299 234 601 532 624 415 328 750 -1 707 214 944 792 263 -1 621 565 317 632 654 606 393 423 495 -1 -1 415 476 330 536 358 179 749 248 686 866 494 774 263 621 338 542 777 761 -1 316 594 494 389 -1 456 760 784 407 700 752 611 130 457 325 336 568 572 985 424 520 663 628 704 433 232 709 287 603 728 539 453 327 727 667 725 910 481 375 300 268 -1 426 393 0 983 658
1008 832 1164 573 540 521 468 360 892 758 631 792 280 1079 796 296 539 586 960 280 364 -1 621 361 1088 806 676 1120 831 1030 950 942 901 744 1146 1365 653 642 1251 737 -1 802 718 269 587 336 1177 990 1253 574 867 506 292 1102 897 1246 605 717 1013 677 636 -1 -1 742 381 904 579 714 724 428 353 364 1083 677 1015 824 360 684 1125 654 1082 709 591 526 820 807 354 727 530 400 944 956 -1 650 836 820 1269 906 0 564
858 960 899 -1 151 538 886 285 -1 437 132 949 602 -1 692 666 182 -1 500 923 776 792 109 374 1087 -1 808 1054 -1 677 859 843 -1 1021 924 821 517 758 635 629 1082 382 220 746 245 423 821 -1 937 797 290 720 556 544 306 -1 569 255 418 930 227 -1 570 259 252 690 253 320 309 221 -1 914 985 789 1180 818 329 232 572 233 790 142 -1 324 942 701 304 212 182 -1 821 -1 -1 551 688 875 736 556 667 0