0 814 231 -1 489 853 718 -1 276 174 515 583 -1 217 578 595 -1 275 669 -1 975 748 835 358 -1 1006 617 524 649 194 582 651 965 810 436 721 390 666 -1 818 248 742 537 -1 654 807 698 -1 951 -1
891 0 804 1129 805 843 314 337 699 829 -1 443 690 -1 855 691 656 764 359 565 60 140 178 822 1026 243 525 1180 841 806 893 641 160 725 714 686 1073 594 707 310 700 359 482 746 -1 506 -1 737 553 -1
231 804 0 290 347 689 683 477 168 345 608 -1 493 83 622 506 294 332 563 514 813 782 620 200 423 962 758 495 491 110 499 -1 -1 580 210 853 424 414 -1 620 342 -1 -1 606 496 -1 683 428 764 885
-1 1129 290 0 261 670 943 -1 452 -1 941 601 -1 292 916 467 -1 608 694 710 958 -1 989 255 446 993 963 -1 518 347 414 1024 998 650 -1 -1 -1 602 431 884 575 -1 -1 834 -1 -1 1097 687 -1 -1
529 805 347 283 0 472 -1 688 345 662 -1 501 716 325 1021 297 260 672 669 805 815 -1 757 170 685 972 993 555 292 406 186 -1 -1 478 238 -1 414 432 227 678 560 705 602 910 -1 516 999 798 578 975
933 1001 689 732 515 0 931 737 754 1137 -1 499 1205 831 1290 340 -1 1078 -1 955 852 915 765 547 1088 820 1070 -1 -1 874 -1 -1 -1 280 -1 1436 967 456 592 641 919 613 790 -1 328 428 1108 1029 380 1387
657 314 740 943 -1 931 0 249 -1 -1 367 -1 415 -1 525 787 560 453 278 321 338 284 255 -1 -1 560 282 -1 -1 666 -1 414 360 838 -1 394 1052 583 -1 454 555 -1 -1 390 -1 581 130 -1 -1 524
-1 364 519 -1 688 737 289 0 413 577 434 288 -1 504 613 615 -1 -1 93 381 372 282 200 -1 -1 505 389 1094 666 476 683 -1 366 -1 490 633 816 364 495 261 -1 349 -1 -1 738 408 356 -1 597 666
256 758 158 452 404 818 -1 446 0 387 523 410 421 -1 617 501 234 276 416 389 767 566 572 -1 -1 859 603 590 563 -1 493 737 681 -1 215 644 488 360 276 575 303 587 329 537 523 533 587 392 655 680
174 907 345 -1 560 1046 -1 683 331 0 458 651 419 362 440 695 497 -1 596 482 -1 -1 793 508 186 1045 568 594 829 -1 755 637 920 -1 467 586 520 758 508 879 211 797 528 549 -1 810 672 -1 1047 580
515 -1 659 793 -1 -1 367 399 523 540 0 670 -1 627 237 872 648 290 -1 163 -1 627 537 738 620 -1 164 991 1095 617 1027 221 610 926 -1 232 853 -1 695 666 364 794 376 143 929 893 325 -1 1009 269
637 443 -1 601 425 544 -1 336 377 651 614 0 646 -1 904 325 270 578 -1 -1 493 -1 340 431 -1 483 738 954 530 -1 423 728 411 -1 331 -1 813 110 306 227 666 244 336 761 501 226 -1 777 317 910
-1 583 493 -1 783 1205 415 -1 495 453 -1 700 0 600 220 757 548 220 430 -1 586 601 -1 732 -1 821 233 833 1039 496 968 -1 -1 898 -1 -1 854 672 642 607 -1 668 -1 -1 965 877 386 262 989 310
217 -1 78 292 300 701 -1 504 -1 362 627 -1 600 0 631 -1 278 373 506 -1 916 752 707 237 373 -1 721 551 587 109 430 784 742 655 249 802 363 -1 270 596 -1 641 408 620 548 -1 707 509 668 -1
578 855 622 994 859 1403 568 562 617 518 220 761 254 631 0 1094 707 370 597 335 -1 701 -1 -1 532 985 302 1059 1127 -1 968 241 927 1178 -1 222 947 -1 883 846 360 991 524 142 -1 -1 495 -1 1002 190
595 755 506 509 297 367 720 615 463 759 798 325 757 -1 1094 0 306 644 -1 704 766 666 644 350 -1 -1 833 761 215 519 197 -1 -1 -1 -1 1142 620 260 275 434 776 -1 527 954 242 361 949 -1 355 -1
-1 656 294 -1 282 -1 560 -1 251 497 648 270 548 323 839 264 0 430 386 544 666 520 486 -1 662 755 760 -1 443 290 377 866 608 415 -1 -1 594 227 -1 423 482 501 -1 725 419 456 692 652 442 -1
320 645 388 558 620 907 453 -1 322 -1 314 578 254 402 341 644 468 0 -1 -1 650 700 647 -1 415 930 392 793 743 338 806 -1 666 -1 -1 521 724 634 543 590 117 -1 321 326 890 -1 -1 176 772 547
566 333 563 822 617 -1 324 86 416 596 -1 -1 430 551 706 -1 417 -1 0 391 342 252 -1 502 698 408 425 1097 699 481 657 630 -1 484 475 676 968 306 440 -1 477 287 172 567 710 436 389 590 -1 706
-1 565 514 710 742 1045 346 326 389 410 153 -1 -1 -1 287 835 544 -1 391 0 -1 482 480 -1 619 809 221 1002 -1 518 -1 -1 -1 899 561 361 779 655 640 586 301 598 288 -1 835 733 312 -1 837 423
821 61 882 958 891 933 314 345 707 -1 -1 533 693 916 -1 701 722 710 342 -1 0 160 175 -1 944 246 481 1416 850 884 981 693 179 679 785 627 1081 513 657 320 836 341 454 688 860 -1 -1 740 665 849
748 148 782 -1 -1 771 284 263 566 -1 579 -1 551 688 766 610 520 700 233 526 142 0 99 -1 876 250 562 1212 902 788 871 695 130 589 625 744 1185 496 669 234 704 307 -1 -1 770 429 -1 757 488 847
704 189 734 832 821 836 276 215 572 861 581 369 -1 648 -1 644 530 597 -1 441 200 103 0 -1 -1 291 524 1268 740 737 777 607 171 631 636 652 1047 -1 630 228 600 314 -1 681 820 394 328 -1 491 -1
389 893 200 275 160 547 -1 -1 -1 466 801 396 618 206 -1 325 -1 -1 502 -1 -1 -1 -1 0 541 862 813 -1 370 250 -1 972 842 553 148 920 470 407 163 540 543 625 470 802 346 516 760 626 549 1042
-1 1026 392 485 685 1088 -1 -1 -1 175 620 -1 -1 373 629 -1 560 385 828 524 1122 1042 -1 496 0 1156 680 -1 781 347 -1 688 1035 890 568 815 448 780 612 912 298 971 587 621 932 972 933 -1 -1 672
1093 262 810 1182 972 890 518 429 859 1045 -1 444 892 -1 985 -1 637 783 408 682 246 290 316 862 1257 0 -1 -1 953 901 869 850 182 582 694 895 -1 544 738 298 912 -1 -1 811 888 -1 530 889 -1 907
617 568 758 1046 835 1172 244 457 553 620 175 738 270 782 328 912 701 460 462 238 567 562 524 744 743 -1 0 1011 1150 610 -1 -1 -1 1017 790 217 1131 786 -1 644 -1 646 399 -1 1068 816 -1 479 845 287
485 1293 540 -1 555 -1 -1 920 590 549 1077 1036 911 551 890 832 -1 793 1097 1002 1416 1317 1166 -1 -1 -1 1107 0 793 494 733 1233 1160 1032 -1 1237 221 829 643 1007 -1 1247 822 1093 859 -1 -1 -1 1029 1129
709 999 535 440 292 -1 -1 666 516 758 1008 490 956 542 1127 200 410 743 758 -1 850 760 809 370 927 878 1058 861 0 -1 123 -1 910 396 400 1293 636 458 393 583 883 583 677 -1 61 509 942 1018 438 1134
170 737 105 374 347 737 666 519 -1 -1 522 -1 456 109 -1 519 338 338 524 440 814 726 737 250 374 901 610 582 -1 0 559 788 -1 -1 272 -1 471 485 317 640 291 753 410 566 645 679 725 380 -1 704
688 969 499 447 199 -1 -1 740 453 819 946 460 968 506 1151 197 377 680 712 -1 981 803 843 -1 -1 869 -1 796 123 559 0 -1 -1 384 -1 1030 -1 362 278 615 679 624 624 1108 129 508 984 867 453 1178
711 641 -1 935 -1 -1 384 -1 737 690 207 796 -1 784 241 -1 798 -1 534 -1 639 641 658 972 816 850 -1 1036 -1 788 -1 0 786 1053 818 91 1179 -1 -1 832 555 829 543 -1 1065 -1 325 443 1135 -1
965 160 -1 998 -1 -1 422 340 681 920 666 378 -1 881 781 -1 659 728 -1 -1 179 146 183 710 1035 194 -1 1160 767 -1 -1 725 0 523 613 770 1144 -1 600 234 718 -1 480 821 776 -1 421 -1 458 940
879 669 580 710 439 303 707 -1 -1 -1 1005 -1 821 710 990 -1 382 -1 570 828 622 638 631 511 890 630 937 1121 396 -1 414 962 571 0 420 -1 877 276 446 387 836 361 -1 928 346 200 935 1030 160 1065
372 774 226 -1 255 -1 -1 490 200 467 -1 357 -1 267 -1 -1 -1 -1 475 561 724 573 587 148 615 758 728 -1 368 252 -1 818 669 457 0 846 532 307 95 446 -1 482 398 -1 376 479 794 591 -1 -1
660 744 786 -1 -1 1320 463 536 644 693 232 -1 -1 802 222 1051 -1 482 572 361 684 628 652 841 751 972 232 1039 1189 -1 1226 99 770 -1 774 0 1000 950 -1 810 523 797 627 182 1303 978 370 -1 1086 158
458 1073 390 -1 450 890 1052 893 488 520 853 744 781 363 947 677 594 668 815 779 1081 1090 956 470 484 -1 950 193 583 471 -1 1179 1144 802 576 1095 0 827 512 1051 570 1095 721 963 582 946 1014 654 1058 1195
614 549 450 552 400 537 534 336 422 758 -1 116 616 -1 -1 279 211 634 306 604 560 459 -1 378 846 544 725 907 458 525 393 -1 -1 255 307 950 762 0 -1 276 615 -1 372 724 435 262 727 663 290 -1
-1 648 -1 368 243 546 -1 495 276 554 636 306 588 270 883 275 -1 543 476 542 718 669 630 163 561 738 -1 643 364 293 301 -1 710 413 99 -1 604 -1 0 428 510 460 382 835 373 479 683 633 450 848
754 336 568 884 678 695 454 261 532 810 610 227 663 596 919 473 389 590 -1 537 374 271 264 589 991 348 698 1103 636 640 667 701 234 418 446 741 967 276 503 0 634 -1 347 825 701 249 540 776 314 896
230 830 342 575 663 1006 601 -1 326 211 336 666 -1 -1 422 715 482 117 519 323 836 704 600 502 348 834 -1 -1 813 291 679 555 785 764 -1 566 570 564 468 751 0 692 431 391 891 858 635 -1 803 535
742 387 -1 -1 705 561 -1 322 587 946 670 226 730 760 912 -1 426 -1 311 598 370 307 314 573 1055 -1 766 1147 583 636 572 829 -1 332 526 872 1008 -1 460 -1 692 0 413 -1 647 183 594 914 273 877
496 482 -1 -1 602 790 -1 -1 329 528 376 336 -1 480 571 570 -1 348 161 288 417 -1 -1 470 640 -1 434 976 677 410 676 498 480 -1 340 531 788 372 413 320 399 446 0 498 745 436 381 440 -1 650
-1 746 717 912 989 -1 390 -1 635 549 152 696 -1 734 151 1036 786 381 520 -1 630 -1 681 734 569 811 -1 919 -1 669 1020 -1 692 1103 -1 194 1046 724 770 760 360 -1 498 0 -1 837 394 311 -1 223
774 -1 541 -1 -1 281 -1 675 571 -1 929 501 1048 593 -1 210 419 750 710 914 942 914 890 406 932 888 1068 859 60 546 136 1167 776 406 409 1198 635 400 373 593 750 593 745 -1 0 562 1042 945 486 1252
807 547 -1 -1 610 504 687 443 533 886 893 242 808 -1 -1 361 456 -1 372 671 -1 395 394 563 888 -1 746 -1 509 622 550 -1 -1 200 440 978 946 244 443 216 791 196 474 916 477 0 660 891 168 1151
763 -1 683 922 841 1205 138 328 695 672 350 -1 417 707 536 949 634 -1 420 338 -1 -1 355 831 859 626 -1 -1 1032 725 984 350 495 787 670 341 1207 614 810 540 538 545 381 425 1042 660 0 531 901 469
-1 737 465 629 673 1127 -1 -1 392 -1 -1 777 244 509 -1 -1 652 189 541 -1 740 821 -1 678 -1 1057 408 -1 937 446 792 443 -1 1030 542 -1 774 724 580 842 -1 842 518 311 1026 967 627 0 1068 -1
951 553 764 -1 626 350 -1 597 655 880 1009 317 832 729 1097 383 520 917 -1 765 665 532 579 549 -1 -1 924 1029 515 -1 493 1044 458 170 -1 992 1058 290 530 340 878 295 -1 -1 525 168 901 1068 0 1065
-1 -1 746 -1 1161 1509 481 666 806 580 269 832 336 -1 218 -1 -1 464 646 423 782 714 -1 960 672 907 287 1227 1351 770 1178 -1 940 1065 -1 158 1004 -1 928 896 579 1042 704 223 1252 1059 431 -1 1166 0