0 650 624 272 1165 473 1014 526 153 1146 806 -1 -1 364 556 -1 1182 746 275 1073
550 0 74 351 -1 331 863 211 619 -1 681 730 -1 307 340 817 1118 870 594 1044
528 72 0 386 899 338 -1 195 706 1191 668 626 984 283 386 689 1017 1011 624 1127
252 411 330 0 -1 376 -1 -1 361 1020 -1 -1 -1 253 -1 921 1120 853 436 -1
1165 -1 899 -1 0 -1 391 961 1276 856 -1 410 1002 891 -1 269 325 941 1204 395
473 357 314 406 -1 0 636 144 594 1006 446 693 826 190 144 594 911 739 480 746
1102 863 -1 -1 360 636 0 718 995 -1 298 525 758 833 511 -1 306 690 744 231
526 243 224 -1 809 163 718 0 579 1031 554 587 846 170 224 592 900 846 466 976
144 676 597 333 1165 549 909 627 0 1065 -1 -1 794 411 -1 1043 1161 657 256 1146
1146 -1 1191 1117 1017 926 -1 941 981 0 -1 1135 381 1085 979 782 664 464 876 -1
680 739 612 -1 -1 380 298 554 -1 -1 0 588 656 527 362 -1 652 495 585 483
-1 674 683 -1 410 693 572 694 -1 1135 696 0 1092 -1 507 366 745 -1 921 753
-1 -1 1078 -1 1193 897 822 846 732 353 605 1197 0 783 907 1034 -1 197 585 873
395 331 262 236 1060 190 702 182 447 913 570 -1 930 0 305 734 -1 769 391 1027
556 369 358 -1 -1 136 511 195 -1 979 362 598 764 262 0 501 -1 637 471 801
-1 689 817 921 291 594 -1 700 1043 855 -1 366 870 672 501 0 -1 -1 881 444
1408 1021 1114 1120 325 989 306 1071 1272 664 652 745 -1 -1 -1 -1 0 -1 993 176
746 953 931 853 1030 624 690 846 556 395 536 -1 197 769 755 -1 -1 0 482 704
275 702 676 372 1204 409 744 549 239 876 585 921 536 391 471 957 993 446 0 1043
1073 1044 948 -1 395 746 214 899 1146 -1 483 635 873 864 676 378 176 835 1043 0