0 931 837 458 562 491 -1 -1 734 234 1139 422 -1 -1 533 998 517 460 242 242 -1 1120 770 721 -1 282 672 125 278 949
858 0 752 -1 457 462 327 784 837 -1 760 902 709 856 536 264 -1 440 795 695 -1 568 161 460 143 1011 1010 821 1034 1027
915 815 0 523 580 615 -1 -1 434 724 560 620 545 336 433 -1 -1 672 724 -1 -1 511 578 399 771 987 490 -1 -1 242
421 -1 480 0 -1 354 1001 -1 -1 342 919 153 76 839 252 901 233 502 281 498 653 -1 739 364 -1 -1 374 -1 357 -1
562 389 491 -1 0 84 550 -1 -1 538 813 459 370 -1 179 -1 183 -1 395 -1 269 610 330 -1 483 725 715 -1 594 620
579 393 615 385 81 0 639 -1 579 477 716 416 369 673 194 566 -1 218 402 -1 -1 587 344 266 -1 595 616 542 579 -1
-1 327 -1 1001 550 639 0 -1 1115 1071 941 975 935 952 779 110 -1 448 905 782 -1 700 460 719 210 1190 1209 -1 -1 1286
-1 784 -1 -1 -1 -1 -1 0 773 280 1319 -1 506 1034 550 833 490 460 -1 158 650 -1 712 638 792 383 -1 154 348 968
677 995 434 -1 -1 627 1018 713 0 465 819 336 -1 635 483 990 455 662 518 -1 707 854 748 430 904 593 144 681 442 -1
217 -1 859 294 582 520 901 326 549 0 1274 211 297 1130 430 985 453 550 218 347 672 1157 771 642 999 170 556 -1 129 862
1356 642 560 998 686 849 1022 1213 973 1172 0 1112 944 323 -1 875 -1 828 1061 1161 -1 210 600 -1 720 1301 1040 1196 -1 758
360 902 672 144 422 490 1060 -1 362 211 1023 0 129 874 386 -1 300 497 228 434 675 932 -1 -1 882 338 428 -1 212 668
-1 841 500 74 370 369 855 468 -1 319 944 122 0 864 -1 916 249 470 271 533 569 927 643 388 904 382 345 511 307 557
-1 789 336 773 -1 673 1042 1230 694 950 300 799 864 0 674 -1 667 889 -1 1195 743 354 725 593 958 1162 742 1322 -1 496
489 581 509 252 168 194 718 508 411 430 -1 330 -1 617 0 -1 100 340 -1 477 385 648 -1 -1 651 550 541 647 -1 632
919 264 -1 901 -1 613 116 905 1084 1070 875 -1 916 -1 -1 0 640 523 831 736 391 641 -1 -1 144 1098 1076 -1 965 1137
517 -1 -1 270 195 -1 -1 490 455 453 -1 300 249 790 110 640 0 342 292 426 -1 758 530 237 562 -1 -1 587 -1 -1
460 440 672 461 -1 233 528 460 723 596 983 497 554 812 366 484 294 0 397 367 299 685 443 414 424 610 -1 -1 623 -1
224 795 785 302 395 373 834 -1 518 218 1061 228 291 -1 -1 831 270 397 0 256 533 860 695 438 -1 328 589 310 297 770
224 636 -1 498 -1 -1 660 158 -1 347 1262 473 452 1004 477 736 460 314 297 0 568 1016 758 651 757 448 -1 260 418 890
-1 -1 -1 552 289 -1 -1 595 707 734 -1 618 673 806 385 391 -1 299 533 521 0 542 182 -1 266 934 941 698 798 -1
1120 568 553 -1 661 694 765 -1 781 972 242 852 854 354 702 759 640 812 860 928 497 0 392 522 662 -1 850 1282 1102 778
770 184 630 681 386 403 425 712 818 916 650 -1 643 612 -1 -1 490 443 636 640 194 392 0 431 246 1057 911 -1 -1 757
665 501 370 364 -1 248 780 638 430 543 -1 -1 388 503 -1 -1 237 447 438 551 -1 565 431 0 532 725 515 668 630 -1
-1 143 843 -1 443 -1 210 792 904 920 720 806 761 958 600 163 613 458 -1 698 247 611 266 580 0 950 -1 984 1075 1034
282 923 987 -1 613 595 1190 355 543 182 1301 338 382 1061 550 1194 -1 666 303 484 860 -1 973 786 1040 0 -1 270 173 814
672 1010 530 404 659 616 1315 -1 136 510 958 397 404 742 586 1179 -1 -1 540 -1 867 850 832 608 -1 -1 0 866 559 -1
119 975 -1 -1 -1 542 -1 154 681 -1 1196 -1 553 1322 647 -1 587 -1 287 279 698 1282 -1 668 828 292 798 0 352 1018
301 1034 -1 331 643 531 -1 348 481 122 -1 245 331 -1 -1 1057 -1 623 276 492 866 1102 -1 683 904 173 559 325 0 712
949 1027 242 -1 734 -1 1286 1051 -1 726 699 565 557 422 632 1236 -1 -1 835 1058 -1 718 898 -1 1123 891 -1 1018 778 0